1.3567
1.3078
1.5042
0.6929
0.3646
1.0976
0.6606
1.6877
1.1642
0.7822
0.5690
0.0600
1.9419
1.3526
-0.2705
0.4460
-0.6036
-0.1087
1.0330
-0.2916
0.6162
1.4964
1.4328
-0.2669
1.1699
1.7449
1.2372
1.7501
1.5227
0.8926
-0.1040
0.9724
0.8947
0.8145
1.0228
0.4953
0.2605
1.0016
1.1588
0.4763
0.1468
0.1762
1.8371
1.7139
1.8708
1.0276
-0.2283
1.2073
0.6643
0.3045
1.4442
0.8175
0.9816
-0.4148
0.6132
2.4924
0.3034
-0.5014
-0.0098
-0.0746
-0.1591
0.3690
1.1758
2.5398
1.4740
1.7102
1.5843
1.3426
1.3307
2.4235
0.5666
-0.1052
1.6275
1.4201
2.2245
0.5718
-0.2999
-0.3235
1.1759
-0.0576
0.9446
1.3217
0.9954
0.4756
0.4319
0.7170
-0.4692
0.7689
0.7447
0.8849
1.4061
1.4110
0.4681
0.3884
-0.1393
1.3391
0.4914
2.0193
1.2233
1.0958
1.1032
1.1231
0.5690
0.3325
0.2906
0.4767
0.3828
1.2526
1.6845
1.2377
0.2690
1.6046
1.8141
2.2693
1.0223
0.5689
1.5135
1.4634
0.1135
0.2108
1.8105
2.3216
0.8342
1.1673
0.5085
1.8513
1.1827
0.6823
0.0442
2.8737
-0.4265
0.6830
1.9293
0.6485
2.4986
1.4661
0.4322
1.3345
1.1726
2.4368
0.2321
1.7109
0.8073
0.4813
0.4826
2.0447
0.5345
0.3274
0.3085
0.7809
0.1997
0.4051
1.1441
1.8308
1.0683
0.1895
1.1516
0.8250
0.3817
1.6557
1.1955
3.3490
0.7358
2.3899
0.7520
0.3135
0.4447
1.8876
-0.3734
0.0594
1.7702
1.9109
0.3750
1.2854
0.2292
0.6248
1.7922
1.3342
0.5110
0.3795
2.1659
0.9284
0.5323
1.5846
0.1405
0.6191
0.8509
0.9389
0.9637
0.3556
1.8605
1.6321
0.7032
0.9591
2.4213
-0.0660
1.1847
1.3360
1.0244
0.3625
0.7488
0.3679
1.6738
1.4828
0.9376
2.1008
1.3256
0.6733
0.6213
1.5389
1.8554
0.2508
0.8299
1.7880
0.9867
0.9348
1.0246
0.7181
1.9040
1.4499
0.9787
0.0876
0.8629
1.4309
2.1227
0.8155
1.0913
3.1872
1.1835
1.7533
2.6758
1.2500
1.0817
2.4056
0.4962
2.4310
1.0210
1.2145
0.4519
0.2263
1.7451
2.0426
1.1170
0.2099
0.9144
-0.3961
1.2808
0.6877
1.3102
1.1236
1.3235
0.3133
0.8030
-0.1085
1.7130
0.7568
1.6923
2.4359
0.9721
0.2707
0.1209
0.6481
1.2441
-0.3391
0.6582
0.9276
1.7675
1.9859
1.1982
0.5607
1.1205
2.1115
-0.3043
0.5505
1.2170
0.8492
0.5423
0.5163
0.3828
2.0597
0.9215
0.8650
0.4728
0.7029
2.1394
1.6516
1.2139
0.9473
1.8883
2.2209
0.5863
0.6022
1.8720
0.5752
0.7805
0.5580
0.4170
2.5056
1.5325
1.3686
0.4353
1.2498
0.0468
0.8100
0.4819
2.3838
0.5675
1.0123
0.0583
0.5767
1.7659
1.8564
1.3641
0.5364
1.1915
0.3870
1.0361
1.7267
0.5902
2.2994
0.5166
-0.7497
-0.0134
0.2940
0.5432
0.7431
2.3616
0.2803
1.2697
1.7666
1.8991
1.5170
0.7625
1.6325
1.8716
1.1145
-0.0194
0.2128
0.5480
1.2792
1.2374
0.4364
1.1632
1.7911
1.0576
0.7254
1.5987
0.6279
2.3070
0.1737
0.9541
1.0316
0.2108
-0.1994
0.7803
1.5559
1.7902
0.8932
0.8808
1.6064
0.6049
1.2334
1.8259
0.9410
0.3835
0.9847
1.9989
0.7513
0.4160
1.6469
1.9964
2.1332
1.1472
0.4205
0.1028
0.7022
1.3901
0.0550
1.9101
0.3573
1.9614
1.1665
1.4876
0.8980
0.6961
0.1039
0.9132
-0.2989
0.2105
1.6552
0.1610
0.2037
0.4072
1.4705
0.0188
0.9293
1.5063
1.4623
1.6776
1.8186
1.2549
0.7783
1.6536
1.4581
1.2489
0.3522
1.1850
1.0282
-0.2817
0.3243
0.6789
0.7273
0.3911
0.2437
1.5036
1.6830
1.1579
1.2106
1.5300
0.9204
1.3353
0.7271
0.8362
1.1227
1.1724
1.5187
0.7032
0.0250
1.3971
1.5335
-0.0563
0.9026
1.5943
1.0856
0.9888
-0.3648
1.4156
0.5145
1.5507
0.6942
0.8320
1.3622
-0.0392
1.1060
1.8614
0.7353
1.1420
1.1043
0.3701
1.1528
1.4216
0.1412
0.5537
0.9188
1.4502
1.5819
1.0360
0.9337
1.1011
1.6139
1.3455
1.5234
1.7733
1.5640
1.0717
1.6870
1.6876
0.2722
1.5194
0.7167
0.4245
1.9338
0.1295
1.2354
0.8642
1.4572
1.5163
0.6282
0.7616
0.5187
2.1781
0.9860
1.5197
0.8740
0.9149
0.5403
0.5580
1.7345
0.9077
0.3030
0.9182
1.2763
0.7752
1.4805
-0.4045
0.4445
0.7569
0.2184
-0.8912
1.2854
1.2693
0.5917
1.3814
-0.2733
0.6056
1.5508
2.2847
0.6992
0.6919
0.9879
0.7887
0.8260
2.1585
0.2937
1.4733
0.2802
2.0300
1.3133
0.7470
1.2508
0.3661
1.8679
1.8368
1.8556
0.7184
-0.1950
0.4129
2.2319
-0.8693
0.3340
0.5887
0.9465
2.0409
0.7412
1.2865
1.1950
1.5993
1.5302
1.4602
1.6823
0.0453
0.0556
1.6075
1.3429
0.8371
1.1847
1.1922
0.1876
-0.3428
1.2240
1.4626
0.7089
1.7043
1.4889
2.5077
2.2268
1.0415
0.8859
1.9164
1.4137
0.7487
0.5518
-0.0105
1.7469
2.1113
1.2685
1.7044
0.5084
-0.1133
1.7445
1.7877
2.4346
1.1530
1.9736
0.1813
1.2215
0.3877
0.3120
0.9947
1.4443
1.3838
0.0174
1.8016
1.4435
0.8990
2.3906
0.8832
-1.1829
1.1816
0.6686
1.0191
0.9638
1.2782
0.8769
0.2564
1.4627
-0.2462
0.2286
0.1742
0.1254
1.4557
1.2930
0.3045
0.2685
1.6406
1.1324
2.0689
-0.0905
1.2117
0.3137
0.7239
1.6688
0.9028
2.0849
1.3103
1.0530
1.5990
0.0882
1.4392
0.3873
-0.0074
0.2353
0.1592
0.0147
1.1819
0.9013
-0.2244
1.0587
1.1243
-0.0398
1.3140
1.3704
0.4609
0.7412
0.6097
0.9812
0.5486
2.2392
1.3588
0.5063
0.7623
2.5517
0.9282
1.8106
0.5749
1.9925
1.4398
0.5646
1.4210
0.7265
0.8815
3.1650
1.4266
0.2645
0.7853
1.0903
-0.0611
0.4811
0.9846
0.8117
0.4319
1.4975
0.4349
1.0287
1.6715
0.7669
0.8084
1.4432
0.9409
-1.2351
1.0881
0.4719
0.3554
1.1570
-0.0996
1.5656
-0.2106
1.3174
1.4055
2.1996
0.0051
0.1794
0.6679
1.4068
1.7026
1.0409
0.7185
0.5379
0.6306
0.8510
0.8529
1.5474
1.9279
1.5073
2.7724
1.5111
0.9397
1.8419
0.2756
1.0781
0.7191
1.2063
-0.0852
1.3754
2.2027
1.1784
0.9177
-0.4374
1.8917
1.2430
1.4580
0.6182
1.6523
1.0056
1.1533
0.9017
0.9815
1.4815
0.2744
1.1105
0.9104
1.4233
1.3233
0.8837
1.0583
2.5051
2.7151
1.5516
-0.1257
0.2850
1.9451
1.1617
1.5465
1.6498
1.8495
1.5941
1.5013
1.2884
1.0257
0.8738
0.6628
1.1400
0.9591
1.6368
0.7997
0.8313
0.7698
1.5559
0.6190
0.4799
1.4491
0.3626
0.0113
1.8943
1.7046
1.2330
2.7717
1.8616
-0.0847
2.1636
0.7045
1.0192
0.9407
1.6020
0.8314
1.2242
0.7859
1.4244
1.0614
0.2051
1.5015
1.2404
1.8705
0.7054
0.2692
0.5212
0.6784
0.0017
2.4499
0.0311
1.1920
0.1851
1.4793
0.8520
0.6328
1.2430
0.9126
0.3501
0.4038
2.3489
2.0896
0.6651
0.8345
0.8231
0.7686
1.4709
1.9530
0.6193
-0.3924
-0.4987
0.5894
1.9006
1.6767
0.7906
1.1985
1.2410
1.6217
0.4012
0.5571
0.2568
1.2735
0.5220
1.0904
0.3276
2.3128
0.9291
-0.7111
1.8343
0.0367
0.2384
1.3083
1.8967
2.7951
1.5403
1.2980
1.1340
0.3890
1.0450
1.4514
1.4480
1.0055
1.1609
0.8440
1.6043
0.8678
0.5661
0.1891
1.6414
1.1437
0.1287
1.0987
0.6360
0.7341
0.1939
1.2485
2.1962
-0.1525
0.8646
-0.4204
1.2953
0.2173
0.6348
1.5658
1.8071
0.9120
1.6757
2.4771
0.3362
0.2719
1.3507
0.2020
1.4549
0.6077
1.1261
1.7637
-0.0834
2.4803
1.4609
1.3800
0.8579
2.0128
0.5556
0.3469
1.4457
0.8124
0.1292
0.8837
0.4512
0.9670
0.7712
0.1673
1.5541
0.3773
0.3929
0.4130
0.7945
1.7889
2.1164
0.8833
1.8908
1.7581
0.6471
1.4783
2.5889
0.2307
0.2901
1.2434
1.3069
1.8634
1.7856
1.0648
0.8722
1.1317
1.8284
0.2633
-0.5731
0.0333
0.4318
1.1804
1.2155
1.1408
0.5760
0.4406
0.7973
0.7731
1.0469
0.3875
-0.0152
2.1244
0.7920
1.3573
1.3269
0.2754
1.1640
2.9053
1.0556
0.4007
1.2519
2.2802
0.9914
0.8060
0.8657
1.1525
1.2921
0.7635
0.3332
1.7055
0.7341
0.8556
-0.3630
1.3500
1.3638
0.8760
0.8793
1.2410
0.2312
0.3076
0.1401
2.3507
1.1235
2.1454
0.7907
0.6396
0.2142
0.7360
-0.0617
1.7598
1.8794
1.5795
1.2874
0.7424
1.2152
0.6796
1.3944
1.1416
0.8373
1.6667
0.1801
1.3567
2.0098
0.8667
1.2315
1.1538
1.1644
0.1497
2.1000
1.2719
1.0581
0.8507
1.6417
0.2590
-0.4445
1.0561
-0.2875
1.2623
0.0341
0.7584
0.0062
2.6890
1.9705
0.9584
1.0506
1.0107
1.2520
1.4828
1.4150
0.9218
0.5483
-0.0710
0.4937
